0 
0 
1 
1 
1 
1 
1 
1 
281 
281 
2 
1285 
2 
1 
1 
1 
1 
1 
1 
257 
257 
2 
1258 
2 
1 
1 
1 
1 
1 
1 
283 
283 
2 
1281 
2 
1 
1 
1 
1 
1 
1 
266 
266 
2 
1273 
2 
1 
1 
1 
1 
1 
1 
256 
256 
2 
1263 
2 
1 
1 
1 
1 
1 
1 
288 
288 
2 
1279 
2 
1 
1 
1 
1 
1 
1 
261 
261 
2 
1256 
2 
1 
1 
1 
1 
1 
1 
276 
276 
2 
1271 
2 
1 
1 
1 
1 
1 
1 
269 
269 
2 
1267 
2 
1 
1 
1 
1 
1 
1 
271 
271 
2 
1273 
2 
1 
1 
1 
1 
1 
1 
259 
259 
2 
1252 
2 
1 
1 
1 
1 
1 
1 
254 
254 
2 
1260 
2 
1 
1 
1 
1 
1 
1 
280 
280 
2 
1278 
2 
1 
1 
1 
1 
1 
1 
275 
275 
2 
1265 
2 
1 
1 
1 
1 
1 
1 
264 
264 
2 
1258 
2 
1 
1 
1 
1 
1 
1 
278 
278 
2 
1276 
2 
1 
1 
1 
1 
1 
1 
287 
287 
2 
1286 
2 
1 
1 
1 
1 
1 
1 
268 
268 
2 
1265 
2 
1 
1 
1 
1 
1 
1 
263 
263 
2 
1255 
2 
1 
1 
1 
1 
1 
1 
285 
285 
2 
1281 
2 
1 
1 
1 
1 
1 
1 
273 
273 
2 
1272 
2 
