0 
0 
1 
1 
1 
1 
1 
1 
489 
489 
2 
1280 
2 
1 
1 
1 
1 
1 
1 
477 
477 
2 
1270 
2 
1 
1 
1 
1 
1 
1 
476 
476 
2 
1265 
2 
1 
1 
1 
1 
1 
1 
457 
457 
2 
1256 
2 
1 
1 
1 
1 
1 
1 
472 
472 
2 
1275 
2 
1 
1 
1 
1 
1 
1 
458 
458 
2 
1256 
2 
1 
1 
1 
1 
1 
1 
486 
486 
2 
1282 
2 
1 
1 
1 
1 
1 
1 
462 
462 
2 
1257 
2 
1 
1 
1 
1 
1 
1 
470 
470 
2 
1275 
2 
1 
1 
1 
1 
1 
1 
467 
467 
2 
1269 
2 
1 
1 
1 
1 
1 
1 
460 
460 
2 
1255 
2 
1 
1 
1 
1 
1 
1 
465 
465 
2 
1259 
2 
1 
1 
1 
1 
1 
1 
482 
482 
2 
1282 
2 
1 
1 
1 
1 
1 
1 
474 
474 
2 
1266 
2 
1 
1 
1 
1 
1 
1 
479 
479 
2 
1288 
2 
1 
1 
1 
1 
1 
1 
469 
469 
2 
1271 
2 
1 
1 
1 
1 
1 
1 
488 
488 
2 
1286 
2 
1 
1 
1 
1 
1 
1 
455 
455 
2 
1253 
2 
1 
1 
1 
1 
1 
1 
484 
484 
2 
1284 
2 
1 
1 
1 
1 
1 
1 
481 
481 
2 
1279 
2 
1 
1 
1 
1 
1 
1 
464 
464 
2 
1259 
2 
