0 
0 
1 
1 
1 
1 
1 
1 
388 
388 
2 
1178 
2 
1 
1 
1 
1 
1 
1 
354 
354 
2 
1156 
2 
1 
1 
1 
1 
1 
1 
369 
369 
2 
1172 
2 
1 
1 
1 
1 
1 
1 
380 
380 
2 
1187 
2 
1 
1 
1 
1 
1 
1 
368 
368 
2 
1171 
2 
1 
1 
1 
1 
1 
1 
385 
385 
2 
1177 
2 
1 
1 
1 
1 
1 
1 
364 
364 
2 
1163 
2 
1 
1 
1 
1 
1 
1 
361 
361 
2 
1162 
2 
1 
1 
1 
1 
1 
1 
383 
383 
2 
1186 
2 
1 
1 
1 
1 
1 
1 
357 
357 
2 
1156 
2 
1 
1 
1 
1 
1 
1 
356 
356 
2 
1162 
2 
1 
1 
1 
1 
1 
1 
381 
381 
2 
1179 
2 
1 
1 
1 
1 
1 
1 
366 
366 
2 
1170 
2 
1 
1 
1 
1 
1 
1 
373 
373 
2 
1164 
2 
1 
1 
1 
1 
1 
1 
387 
387 
2 
1181 
2 
1 
1 
1 
1 
1 
1 
363 
363 
2 
1156 
2 
1 
1 
1 
1 
1 
1 
371 
371 
2 
1170 
2 
1 
1 
1 
1 
1 
1 
375 
375 
2 
1173 
2 
1 
1 
1 
1 
1 
1 
376 
376 
2 
1165 
2 
1 
1 
1 
1 
1 
1 
359 
359 
2 
1160 
2 
1 
1 
1 
1 
1 
1 
378 
378 
2 
1185 
2 
