0 
0 
1 
1 
1 
1 
1 
1 
464 
464 
2 
1259 
2 
1 
1 
1 
1 
1 
1 
488 
488 
2 
1285 
2 
1 
1 
1 
1 
1 
1 
457 
457 
2 
1260 
2 
1 
1 
1 
1 
1 
1 
478 
478 
2 
1280 
2 
1 
1 
1 
1 
1 
1 
459 
459 
2 
1262 
2 
1 
1 
1 
1 
1 
1 
471 
471 
2 
1272 
2 
1 
1 
1 
1 
1 
1 
485 
485 
2 
1286 
2 
1 
1 
1 
1 
1 
1 
483 
483 
2 
1278 
2 
1 
1 
1 
1 
1 
1 
468 
468 
2 
1266 
2 
1 
1 
1 
1 
1 
1 
473 
473 
2 
1268 
2 
1 
1 
1 
1 
1 
1 
475 
475 
2 
1272 
2 
1 
1 
1 
1 
1 
1 
466 
466 
2 
1269 
2 
1 
1 
1 
1 
1 
1 
463 
463 
2 
1257 
2 
1 
1 
1 
1 
1 
1 
476 
476 
2 
1270 
2 
1 
1 
1 
1 
1 
1 
454 
454 
2 
1259 
2 
1 
1 
1 
1 
1 
1 
487 
487 
2 
1286 
2 
1 
1 
1 
1 
1 
1 
461 
461 
2 
1261 
2 
1 
1 
1 
1 
1 
1 
469 
469 
2 
1270 
2 
1 
1 
1 
1 
1 
1 
480 
480 
2 
1279 
2 
1 
1 
1 
1 
1 
1 
481 
481 
2 
1279 
2 
1 
1 
1 
1 
1 
1 
456 
456 
2 
1260 
2 
