0 
0 
1 
1 
1 
1 
1 
1 
168 
168 
2 
1174 
2 
1 
1 
1 
1 
1 
1 
180 
180 
2 
1178 
2 
1 
1 
1 
1 
1 
1 
187 
187 
2 
1182 
2 
1 
1 
1 
1 
1 
1 
156 
156 
2 
1159 
2 
1 
1 
1 
1 
1 
1 
169 
169 
2 
1173 
2 
1 
1 
1 
1 
1 
1 
185 
185 
2 
1183 
2 
1 
1 
1 
1 
1 
1 
157 
157 
2 
1159 
2 
1 
1 
1 
1 
1 
1 
183 
183 
2 
1183 
2 
1 
1 
1 
1 
1 
1 
161 
161 
2 
1153 
2 
1 
1 
1 
1 
1 
1 
166 
166 
2 
1172 
2 
1 
1 
1 
1 
1 
1 
181 
181 
2 
1179 
2 
1 
1 
1 
1 
1 
1 
163 
163 
2 
1154 
2 
1 
1 
1 
1 
1 
1 
159 
159 
2 
1153 
2 
1 
1 
1 
1 
1 
1 
175 
175 
2 
1175 
2 
1 
1 
1 
1 
1 
1 
171 
171 
2 
1175 
2 
1 
1 
1 
1 
1 
1 
173 
173 
2 
1173 
2 
1 
1 
1 
1 
1 
1 
164 
164 
2 
1156 
2 
1 
1 
1 
1 
1 
1 
188 
188 
2 
1187 
2 
1 
1 
1 
1 
1 
1 
154 
154 
2 
1157 
2 
1 
1 
1 
1 
1 
1 
176 
176 
2 
1166 
2 
1 
1 
1 
1 
1 
1 
178 
178 
2 
1187 
2 
