0 
0 
1 
1 
1 
1 
1 
1 
274 
274 
2 
1267 
2 
1 
1 
1 
1 
1 
1 
277 
277 
2 
1268 
2 
1 
1 
1 
1 
1 
1 
265 
265 
2 
1262 
2 
1 
1 
1 
1 
1 
1 
262 
262 
2 
1262 
2 
1 
1 
1 
1 
1 
1 
284 
284 
2 
1278 
2 
1 
1 
1 
1 
1 
1 
267 
267 
2 
1274 
2 
1 
1 
1 
1 
1 
1 
264 
264 
2 
1262 
2 
1 
1 
1 
1 
1 
1 
286 
286 
2 
1284 
2 
1 
1 
1 
1 
1 
1 
255 
255 
2 
1253 
2 
1 
1 
1 
1 
1 
1 
281 
281 
2 
1285 
2 
1 
1 
1 
1 
1 
1 
257 
257 
2 
1253 
2 
1 
1 
1 
1 
1 
1 
270 
270 
2 
1270 
2 
1 
1 
1 
1 
1 
1 
269 
269 
2 
1271 
2 
1 
1 
1 
1 
1 
1 
288 
288 
2 
1277 
2 
1 
1 
1 
1 
1 
1 
279 
279 
2 
1282 
2 
1 
1 
1 
1 
1 
1 
272 
272 
2 
1272 
2 
1 
1 
1 
1 
1 
1 
282 
282 
2 
1281 
2 
1 
1 
1 
1 
1 
1 
258 
258 
2 
1259 
2 
1 
1 
1 
1 
1 
1 
289 
289 
2 
1278 
2 
1 
1 
1 
1 
1 
1 
260 
260 
2 
1256 
2 
1 
1 
1 
1 
1 
1 
276 
276 
2 
1273 
2 
