0 
0 
1 
1 
1 
1 
1 
1 
381 
381 
2 
1179 
2 
1 
1 
1 
1 
1 
1 
382 
382 
2 
1183 
2 
1 
1 
1 
1 
1 
1 
369 
369 
2 
1173 
2 
1 
1 
1 
1 
1 
1 
386 
386 
2 
1182 
2 
1 
1 
1 
1 
1 
1 
370 
370 
2 
1170 
2 
1 
1 
1 
1 
1 
1 
358 
358 
2 
1156 
2 
1 
1 
1 
1 
1 
1 
377 
377 
2 
1171 
2 
1 
1 
1 
1 
1 
1 
367 
367 
2 
1169 
2 
1 
1 
1 
1 
1 
1 
374 
374 
2 
1171 
2 
1 
1 
1 
1 
1 
1 
357 
357 
2 
1153 
2 
1 
1 
1 
1 
1 
1 
355 
355 
2 
1159 
2 
1 
1 
1 
1 
1 
1 
376 
376 
2 
1169 
2 
1 
1 
1 
1 
1 
1 
372 
372 
2 
1167 
2 
1 
1 
1 
1 
1 
1 
362 
362 
2 
1153 
2 
1 
1 
1 
1 
1 
1 
384 
384 
2 
1180 
2 
1 
1 
1 
1 
1 
1 
379 
379 
2 
1179 
2 
1 
1 
1 
1 
1 
1 
365 
365 
2 
1157 
2 
1 
1 
1 
1 
1 
1 
389 
389 
2 
1187 
2 
1 
1 
1 
1 
1 
1 
360 
360 
2 
1160 
2 
1 
1 
1 
1 
1 
1 
388 
388 
2 
1182 
2 
1 
1 
1 
1 
1 
1 
364 
364 
2 
1154 
2 
