0 
0 
1 
1 
1 
1 
1 
1 
170 
170 
2 
1167 
2 
1 
1 
1 
1 
1 
1 
157 
157 
2 
1158 
2 
1 
1 
1 
1 
1 
1 
172 
172 
2 
1172 
2 
1 
1 
1 
1 
1 
1 
189 
189 
2 
1179 
2 
1 
1 
1 
1 
1 
1 
160 
160 
2 
1155 
2 
1 
1 
1 
1 
1 
1 
184 
184 
2 
1183 
2 
1 
1 
1 
1 
1 
1 
188 
188 
2 
1180 
2 
1 
1 
1 
1 
1 
1 
182 
182 
2 
1177 
2 
1 
1 
1 
1 
1 
1 
165 
165 
2 
1162 
2 
1 
1 
1 
1 
1 
1 
176 
176 
2 
1170 
2 
1 
1 
1 
1 
1 
1 
162 
162 
2 
1160 
2 
1 
1 
1 
1 
1 
1 
174 
174 
2 
1166 
2 
1 
1 
1 
1 
1 
1 
169 
169 
2 
1167 
2 
1 
1 
1 
1 
1 
1 
167 
167 
2 
1167 
2 
1 
1 
1 
1 
1 
1 
186 
186 
2 
1186 
2 
1 
1 
1 
1 
1 
1 
179 
179 
2 
1178 
2 
1 
1 
1 
1 
1 
1 
158 
158 
2 
1158 
2 
1 
1 
1 
1 
1 
1 
177 
177 
2 
1175 
2 
1 
1 
1 
1 
1 
1 
181 
181 
2 
1185 
2 
1 
1 
1 
1 
1 
1 
155 
155 
2 
1163 
2 
1 
1 
1 
1 
1 
1 
164 
164 
2 
1161 
2 
